 1.000 -0.352
 2.000  0.188
 3.000  0.330
 4.000 -0.623
 5.000  2.361
 6.000 -0.851
 7.000  1.613
 8.000  2.577
 9.000  3.349
10.000  6.276
11.000  7.444
12.000  7.219
13.000  7.045
14.000  8.037
15.000 10.682
16.000  9.757
17.000 11.063
18.000 12.225
19.000 12.909
20.000 15.120
21.000 16.774
22.000 17.009
23.000 17.239
24.000 18.163
25.000 20.830
26.000 21.468
27.000 21.462
28.000 22.755
29.000 22.312
30.000 24.274
31.000 24.772
32.000 26.716
33.000 25.919
34.000 27.370
35.000 30.050
36.000 29.488
37.000 30.692
38.000 31.592
39.000 31.390
40.000 34.386
41.000 37.048
42.000 35.340
43.000 36.218
44.000 36.600
45.000 38.300
46.000 40.443
47.000 41.472
48.000 41.685
49.000 41.936
50.000 44.268
51.000 43.056
52.000 44.453
53.000 44.929
54.000 46.584
55.000 44.718
56.000 43.980
57.000 45.524
58.000 45.900
59.000 45.564
60.000 47.527
61.000 42.042
62.000 44.041
63.000 46.153
64.000 43.486
65.000 47.163
66.000 41.245
67.000 43.849
68.000 45.408
69.000 43.204
70.000 48.775
71.000 42.971
72.000 46.715
73.000 42.048
74.000 47.928
75.000 42.417
76.000 47.144
77.000 44.888
78.000 48.241
79.000 43.883
80.000 46.547
81.000 41.871
82.000 47.643
83.000 45.276
84.000 49.016
85.000 43.486
86.000 49.387
87.000 43.199
88.000 50.704
89.000 44.280
90.000 51.560
91.000 43.332
92.000 50.601
93.000 44.558
94.000 49.682
95.000 44.702
96.000 51.280
97.000 45.038
98.000 48.623
99.000 46.141
100.000 51.355
