 1.000 -0.044
 2.000 -0.565
 3.000  2.396
 4.000  2.662
 5.000  5.643
 6.000  6.888
 7.000 10.537
 8.000 12.682
 9.000 18.297
10.000 19.227
11.000 23.301
12.000 25.560
13.000 29.485
14.000 29.131
15.000 34.028
16.000 37.737
17.000 42.170
18.000 43.775
19.000 46.977
20.000 49.070
21.000 53.221
22.000 54.291
23.000 57.923
24.000 61.406
25.000 64.971
26.000 69.521
27.000 71.523
28.000 74.258
29.000 76.714
30.000 78.640
31.000 81.690
32.000 84.370
33.000 87.704
34.000 91.639
35.000 93.938
36.000 98.233
37.000 100.384
38.000 102.892
39.000 108.338
40.000 111.556
41.000 112.067
42.000 116.037
43.000 116.478
44.000 121.235
45.000 124.131
46.000 127.973
47.000 130.443
48.000 132.318
49.000 137.535
50.000 138.848
51.000 141.800
52.000 145.600
53.000 147.501
54.000 147.325
55.000 130.789
56.000 142.189
57.000 152.464
58.000 137.855
59.000 147.698
60.000 131.703
61.000 134.483
62.000 154.381
63.000 129.921
64.000 144.760
65.000 137.082
66.000 130.886
67.000 157.977
68.000 132.613
69.000 156.035
70.000 127.836
71.000 151.503
72.000 131.909
73.000 148.090
74.000 136.130
75.000 150.203
76.000 133.863
77.000 145.726
78.000 140.195
79.000 146.301
80.000 149.442
81.000 147.053
82.000 148.329
83.000 146.006
84.000 139.584
85.000 152.884
86.000 134.116
87.000 151.880
88.000 134.666
89.000 152.610
90.000 138.090
91.000 160.884
92.000 131.870
93.000 168.656
94.000 133.631
95.000 169.451
96.000 129.140
97.000 169.121
98.000 128.812
99.000 171.229
100.000 125.290
