 1.000 -1.103
 2.000 -0.615
 3.000 -0.986
 4.000  0.054
 5.000  1.199
 6.000  2.010
 7.000  4.338
 8.000  2.153
 9.000  2.829
10.000  4.544
11.000  5.706
12.000  6.216
13.000  8.385
14.000  7.566
15.000  9.949
16.000 11.659
17.000 12.242
18.000 12.361
19.000 13.278
20.000 13.492
21.000 16.948
22.000 17.763
23.000 15.342
24.000 17.879
25.000 20.364
26.000 21.476
27.000 20.647
28.000 22.856
29.000 21.794
30.000 25.395
31.000 25.632
32.000 26.731
33.000 27.707
34.000 27.007
35.000 29.284
36.000 30.296
37.000 30.518
38.000 32.392
39.000 32.344
40.000 34.365
41.000 35.395
42.000 34.934
43.000 37.317
44.000 37.955
45.000 39.203
46.000 38.786
47.000 41.450
48.000 41.097
49.000 42.709
50.000 44.323
51.000 45.034
52.000 47.476
53.000 46.336
54.000 47.583
55.000 42.164
56.000 43.966
57.000 45.421
58.000 43.673
59.000 46.503
60.000 47.097
61.000 42.058
62.000 46.581
63.000 46.348
64.000 41.862
65.000 48.736
66.000 43.633
67.000 47.720
68.000 44.207
69.000 47.349
70.000 43.922
71.000 44.448
72.000 44.627
73.000 43.922
74.000 46.483
75.000 41.465
76.000 47.015
77.000 43.645
78.000 45.993
79.000 44.717
80.000 46.906
81.000 46.420
82.000 47.853
83.000 45.311
84.000 45.068
85.000 44.820
86.000 44.947
87.000 47.025
88.000 44.628
89.000 47.165
90.000 45.254
91.000 49.003
92.000 42.234
93.000 48.314
94.000 43.154
95.000 49.194
96.000 43.646
97.000 49.755
98.000 44.379
99.000 51.013
100.000 44.187
