 1.000  1.053
 2.000 -0.667
 3.000  1.462
 4.000  3.491
 5.000  5.546
 6.000  8.685
 7.000  9.153
 8.000 14.861
 9.000 17.798
10.000 19.322
11.000 22.460
12.000 24.395
13.000 28.402
14.000 32.055
15.000 34.840
16.000 36.892
17.000 40.347
18.000 43.892
19.000 48.511
20.000 50.200
21.000 52.221
22.000 57.601
23.000 58.362
24.000 63.414
25.000 66.168
26.000 66.944
27.000 70.146
28.000 73.374
29.000 74.955
30.000 78.655
31.000 82.586
32.000 85.851
33.000 89.235
34.000 92.240
35.000 95.713
36.000 97.022
37.000 100.996
38.000 103.458
39.000 107.334
40.000 109.900
41.000 112.191
42.000 116.490
43.000 116.621
44.000 122.671
45.000 126.186
46.000 127.746
47.000 131.290
48.000 135.222
49.000 136.101
50.000 138.970
51.000 142.091
52.000 146.376
53.000 147.817
54.000 148.911
55.000 133.408
56.000 142.910
57.000 150.200
58.000 135.296
59.000 148.331
60.000 133.346
61.000 137.914
62.000 153.359
63.000 130.410
64.000 149.797
65.000 133.356
66.000 144.398
67.000 145.808
68.000 140.143
69.000 149.445
70.000 133.743
71.000 157.709
72.000 133.028
73.000 157.660
74.000 125.418
75.000 152.352
76.000 132.324
77.000 160.038
78.000 134.526
79.000 163.612
80.000 130.276
81.000 161.602
82.000 133.667
83.000 159.209
84.000 136.884
85.000 157.972
86.000 140.277
87.000 155.334
88.000 139.746
89.000 154.427
90.000 139.928
91.000 146.336
92.000 150.033
93.000 142.589
94.000 157.991
95.000 138.764
96.000 156.290
97.000 133.247
98.000 156.919
99.000 135.089
100.000 161.214
